59 1054
4602 5222
1318 4788
526 2831
4682 4730
653 922
1181 2044
1115 2176
587 3034
4832 4922
5362 5444
5074 5112
1445 2897
125 2501
4650 5244
2440 5052
4768 5284
394 5198
5316 5396
5092 5324
4844 5264
328 2572
856 2704
5438 5498
1648 4808
5022 5344
196 1780
785 2638
4710 5218
2374 3232
1973 3293
4564 4624
724 4662
1912 5164
1714 2242
262 3161
460 5122
2303 3100
4914 5402
1252 1846
4894 5012
2765 4544
988 1582
4582 4944
3095 4782
5204 5364
4568 5064
5224 5282
1247 4834
1120 5044
4584 4690
4744 5084
1313 5104
983 2435
592 2770
4630 4724
4972 5482
2567 2963
5242 5356
521 1775
1049 1709
4762 5132
4810 5162
4504 4864
64 4924
1577 5302
257 790
2308 5182
323 719
455 5034
389 1450
2171 3227
191 2506
4670 5262
3298 4604
1643 2902
917 4524
851 2105
4902 5142
1186 1379
1511 4884
1907 2039
2633 3166
1384 5376
4550 5418
2369 4942
130 2836
1841 4708
5384 5458
4742 5202
658 1516
4992 5484
2237 5042
4508 5436
4790 5184
2699 4842
5024 5258
4628 5062
4862 5462
4784 5464
5236 5404
4664 4904
4684 5398
4824 5358
4522 4892
4610 5114
2110 4648
5176 5216
3029 4542
5318 5338
4804 4984
4590 4728
5134 5278
4750 5442
4964 5422
4702 5082
4688 5054
1978 5296
4644 4934
5298 5342
4822 5032
4548 4912
4802 5004
4528 4974
5322 5382
4570 4608
4622 5304
2968 4668
4994 5002
4588 5456
4510 5478
5094 5378
5124 5256
4748 5178
4530 5014
4932 5336
4562 4722
