1860 3918
3920 1859
2916 4175
4177 2915
2652 4055
4057 2651
1602 4018
4020 1601
138 3615
3617 137
3180 3455
3457 3179
936 4115
4117 935
18 3875
3877 17
1068 4375
4377 1067
1338 3795
3797 1337
2124 4255
4257 2123
3246 4138
4140 3245
2592 3958
3960 2591
2388 3938
3940 2387
402 3355
3357 401
1200 4335
4337 1199
2718 3775
3777 2717
1464 4355
4357 1463
1398 4035
4037 1397
1932 3375
3377 1931
1800 3338
3340 1799
996 3658
3660 995
2460 3695
3697 2459
2184 4495
4497 2183
204 3818
3820 203
534 3538
3540 533
3114 4315
4317 3113
2982 3995
3997 2981
2778 4298
4300 2777
2250 4075
4077 2249
1536 3555
3557 1535
804 4095
4097 803
1992 3598
3600 1991
1728 4435
4437 1727
666 3418
3420 665
876 3838
3840 875
1266 3858
3860 1265
744 3478
3480 743
2856 3398
3400 2855
2514 4235
4237 2513
78 3498
3500 77
474 4475
4477 473
3054 4215
4217 3053
348 3738
3740 347
1662 4415
4417 1661
2328 3898
3900 2327
282 4195
4197 281
612 3675
3677 611
1140 3755
3757 1139
2058 3638
3640 2057
2658 4178
4180 2657
150 3698
3700 149
84 4118
4120 83
942 3935
3937 941
2064 3335
3337 2063
3252 3735
3737 3251
1470 3435
3437 1469
1002 4378
4380 1001
2586 4238
4240 2585
2256 4135
4137 2255
1062 3655
3657 1061
1866 3758
3760 1865
3120 4015
4017 3119
2850 4038
4040 2849
336 3915
3917 335
2976 4275
4277 2975
276 4078
4080 275
1272 3878
3880 1271
2454 4158
4160 2453
468 4318
4320 467
2322 4258
4260 2321
2382 3578
3580 2381
738 3458
3460 737
606 4098
4100 605
2118 3895
3897 2117
1194 4498
4500 1193
2526 3678
3680 2525
2724 3815
3817 2723
1392 3595
3597 1391
12 3855
3857 11
1332 3318
3320 1331
2790 3975
3977 2789
1722 3535
3537 1721
3174 3475
3477 3173
1530 4418
4420 1529
2190 3635
3637 2189
3042 4395
4397 3041
1668 4455
4457 1667
540 3518
3520 539
870 3778
3780 869
1134 3358
3360 1133
414 4338
4340 413
798 4358
4360 797
1458 4058
4060 1457
2988 3978
3980 2987
480 4398
4400 479
72 3575
3577 71
1326 3715
3717 1325
144 3315
3317 143
2448 3798
3800 2447
1926 4458
4460 1925
1656 3558
3560 1655
1734 3515
3517 1733
3048 4278
4280 3047
672 3955
3957 671
1998 3395
3397 1997
2922 4198
4200 2921
3240 3378
3380 3239
3108 4295
4297 3107
930 3618
3620 929
270 3835
3837 269
1074 4218
4220 1073
6 4438
4440 5
2130 4155
4157 2129
810 3438
3440 809
1260 3415
3417 1259
